00100000000000010000000000000001
00100000000000100000000000000011
00000000001000100001100000100000
00000000011000100000100000100100
00000000001000100001100000101010
00101000001000110000000000000000
00100000000000010000000000000001
00100000000000100000000000000011
00000000001000100001100000100000
00000000011000100000100000100100
00000000001000100001100000101010
00101000001000110000000000000000
00100000000000010000000000000001
00100000000000100000000000000011
00000000001000100001100000100000
00000000011000100000100000100100
00000000001000100001100000101010
00101000001000110000000000000000
00100000000000010000000000000001
00100000000000100000000000000011
00000000001000100001100000100000
00000000011000100000100000100100
00000000001000100001100000101010
00101000001000110000000000000000
00100000000000010000000000000001
00100000000000100000000000000011
00000000001000100001100000100000
00000000011000100000100000100100
00000000001000100001100000101010
00101000001000110000000000000000
00100000000000010000000000000001
00100000000000100000000000000011
00000000001000100001100000100000
00000000011000100000100000100100
00000000001000100001100000101010
00101000001000110000000000000000
00100000000000010000000000000001
00100000000000100000000000000011
00000000001000100001100000100000
00000000011000100000100000100100
00000000001000100001100000101010
00101000001000110000000000000000
00100000000000010000000000000001
00100000000000100000000000000011
00000000001000100001100000100000
00000000011000100000100000100100
00000000001000100001100000101010
00101000001000110000000000000000
00100000000000010000000000000001
00100000000000100000000000000011
00000000001000100001100000100000
00000000011000100000100000100100
00000000001000100001100000101010
00101000001000110000000000000000
00100000000000010000000000000001
00100000000000100000000000000011
00000000001000100001100000100000
00000000011000100000100000100100
00000000001000100001100000101010
00101000001000110000000000000000
00100000000000010000000000000001
00100000000000100000000000000011
00000000001000100001100000100000
00000000011000100000100000100100
00000000001000100001100000101010
00101000001000110000000000000000
00100000000000010000000000000001
00100000000000100000000000000011
00000000001000100001100000100000
00000000011000100000100000100100
00000000001000100001100000101010
00101000001000110000000000000000
00100000000000010000000000000001
00100000000000100000000000000011
00000000001000100001100000100000
00000000011000100000100000100100
00000000001000100001100000101010
00101000001000110000000000000000
00100000000000010000000000000001
00100000000000100000000000000011
00000000001000100001100000100000
00000000011000100000100000100100
00000000001000100001100000101010
00101000001000110000000000000000
00100000000000010000000000000001
00100000000000100000000000000011
00000000001000100001100000100000
00000000011000100000100000100100
00000000001000100001100000101010
00101000001000110000000000000000
00100000000000010000000000000001
00100000000000100000000000000011
00000000001000100001100000100000
00000000011000100000100000100100
00000000001000100001100000101010
00101000001000110000000000000000
00100000000000010000000000000001
00100000000000100000000000000011
00000000001000100001100000100000
00000000011000100000100000100100
00000000001000100001100000101010
00101000001000110000000000000000
00100000000000010000000000000001
00100000000000100000000000000011
00000000001000100001100000100000
00000000011000100000100000100100
00000000001000100001100000101010
00101000001000110000000000000000
00100000000000010000000000000001
00100000000000100000000000000011
00000000001000100001100000100000
00000000011000100000100000100100
00000000001000100001100000101010
00101000001000110000000000000000
00100000000000010000000000000001
00100000000000100000000000000011
00000000001000100001100000100000
00000000011000100000100000100100
00000000001000100001100000101010
00101000001000110000000000000000
00100000000000010000000000000001
00100000000000100000000000000011
00000000001000100001100000100000
00000000011000100000100000100100
00000000001000100001100000101010
00101000001000110000000000000000
00100000000000010000000000000001
00100000000000100000000000000011
